---
startPose:
  x: -60.0
  y: 12.0
  heading: 3.141592653589793
startTangent: 0.0
waypoints:
- position:
    x: -30.0
    y: 6.0
  heading: -0.7853981633974483
  tangent: -0.7853981633974483
  interpolationType: "LINEAR"
resolution: 0.25
version: 1
