---
startPose:
  x: -36.0
  y: 60.0
  heading: 0.0
startTangent: -1.5707963267948966
waypoints:
- position:
    x: -33.0
    y: 0.0
  heading: 0.0
  tangent: -1.5707963267948966
  interpolationType: "CONSTANT"
resolution: 0.25
version: 1
