---
startPose:
  x: -32.0
  y: -64.0
  heading: -4.71238898038469
startTangent: 1.5707963267948966
waypoints:
- position:
    x: -36.0
    y: -36.5
  heading: -4.71238898038469
  tangent: 1.5707963267948966
  interpolationType: "LINEAR"
resolution: 0.25
version: 1
