---
startPose:
  x: 50.0
  y: -36.0
  heading: -3.141592653589793
startTangent: -3.141592653589793
waypoints:
- position:
    x: -56.92
    y: -36.0
  heading: 0.0
  tangent: -3.141592653589793
  interpolationType: "CONSTANT"
resolution: 0.25
version: 1
