---
startPose:
  x: -36.0
  y: -36.0
  heading: 1.5707963267948966
startTangent: 1.5707963267948966
waypoints:
- position:
    x: -36.0
    y: -37.0
  heading: 0.0
  tangent: 1.5707963267948966
  interpolationType: "LINEAR"
resolution: 0.25
version: 1
