---
startPose:
<<<<<<< Updated upstream
  x: 28.0
  y: -24.0
  heading: 3.141592653589793
startTangent: -0.7853981633974483
waypoints:
- position:
    x: 48.0
    y: -36.0
  heading: 3.141592653589793
  tangent: -0.5235987755982988
=======
  x: 12.0
  y: -37.0
  heading: -4.71238898038469
startTangent: 0.0
waypoints:
- position:
    x: 52.0
    y: -36.0
  heading: -3.141592653589793
  tangent: 0.0
>>>>>>> Stashed changes
  interpolationType: "LINEAR"
resolution: 0.25
version: 1
