---
startPose:
<<<<<<< Updated upstream
  x: 12.0
  y: -63.0
  heading: 3.141592653589793
startTangent: 0.0
waypoints:
- position:
    x: 36.0
    y: -48.0
  heading: 0.0
  tangent: 0.0
  interpolationType: "CONSTANT"
=======
  x: 18.0
  y: -62.0
  heading: -4.71238898038469
startTangent: -5.061454830783556
waypoints:
- position:
    x: 12.0
    y: -28.0
  heading: -3.141592653589793
  tangent: -3.6651914291880923
  interpolationType: "LINEAR"
>>>>>>> Stashed changes
resolution: 1.0
version: 1
