---
startPose:
<<<<<<< Updated upstream
  x: 12.0
  y: -63.0
  heading: 3.141592653589793
startTangent: 1.5707963267948966
waypoints:
- position:
    x: 28.0
    y: -24.0
=======
  x: 18.0
  y: -62.0
  heading: -4.71238898038469
startTangent: 1.5707963267948966
waypoints:
- position:
    x: 12.0
    y: -37.0
>>>>>>> Stashed changes
  heading: 0.0
  tangent: 1.5707963267948966
  interpolationType: "CONSTANT"
resolution: 0.25
version: 1
