---
startPose:
<<<<<<< Updated upstream
  x: -36.0
  y: 60.0
  heading: 3.141592653589793
startTangent: -1.5707963267948966
waypoints:
- position:
    x: -36.0
    y: 36.0
  heading: 0.0
  tangent: -1.5707963267948966
  interpolationType: "CONSTANT"
=======
  x: 18.0
  y: 62.0
  heading: 4.71238898038469
startTangent: -1.2566370614359172
waypoints:
- position:
    x: 24.0
    y: 40.0
  heading: 4.71238898038469
  tangent: -1.2217304763960306
  interpolationType: "SPLINE"
>>>>>>> Stashed changes
resolution: 0.25
version: 1
