---
startPose:
<<<<<<< Updated upstream
  x: -36.0
  y: 60.0
  heading: 3.141592653589793
startTangent: -1.5707963267948966
waypoints:
- position:
    x: -36.0
    y: 36.0
  heading: 0.0
  tangent: 0.0
  interpolationType: "CONSTANT"
- position:
    x: -12.0
    y: 36.0
  heading: 0.0
  tangent: 0.0
  interpolationType: "CONSTANT"
resolution: 0.25
=======
  x: 18.0
  y: 62.0
  heading: 4.71238898038469
startTangent: 5.061454830783556
waypoints:
- position:
    x: 12.0
    y: 28.0
  heading: 3.141592653589793
  tangent: 3.6651914291880923
  interpolationType: "LINEAR"
resolution: 1.0
>>>>>>> Stashed changes
version: 1
