---
startPose:
  x: 28.0
  y: 24.0
  heading: 3.141592653589793
startTangent: 0.7853981633974483
waypoints:
- position:
    x: 48.0
    y: 36.0
  heading: 3.141592653589793
  tangent: 0.5235987755982988
  interpolationType: "LINEAR"
resolution: 0.25
version: 1
