---
startPose:
  x: 12.0
  y: 63.0
  heading: 3.141592653589793
startTangent: -1.5707963267948966
waypoints:
- position:
    x: 28.0
    y: 24.0
  heading: 0.0
  tangent: -1.5707963267948966
  interpolationType: "CONSTANT"
resolution: 0.25
version: 1
