---
startPose:
  x: 28.0
  y: 5.0
  heading: -2.356194490192345
startTangent: 0.7853981633974483
waypoints:
- position:
    x: 36.0
    y: 12.0
  heading: 0.0
  tangent: 0.7853981633974483
  interpolationType: "CONSTANT"
resolution: 0.25
version: 1
