---
startPose:
  x: 30.0
  y: 6.0
  heading: 0.7853981633974483
startTangent: 0.7853981633974483
waypoints:
- position:
    x: 36.0
    y: 12.0
  heading: 1.5707963267948966
  tangent: 0.7853981633974483
  interpolationType: "LINEAR"
resolution: 0.25
version: 1
