---
startPose:
  x: 63.0
  y: 12.0
  heading: 0.0
startTangent: 3.141592653589793
waypoints:
- position:
    x: 36.0
    y: 12.0
  heading: -2.356194490192345
  tangent: 3.141592653589793
  interpolationType: "SPLINE"
resolution: 0.25
version: 1
