---
startPose:
  x: 30.65
  y: 8.0
  heading: 0.7853981633974483
startTangent: 0.7853981633974483
waypoints:
- position:
    x: 65.5
    y: 12.0
  heading: 0.0
  tangent: 0.0
  interpolationType: "TANGENT"
resolution: 0.25
version: 1
