---
startPose:
  x: 65.0
  y: 12.0
  heading: 0.0
startTangent: 3.141592653589793
waypoints:
- position:
    x: 10.0
    y: 12.0
  heading: 0.0
  tangent: 3.141592653589793
  interpolationType: "TANGENT"
resolution: 0.25
version: 1
