---
startPose:
  x: -63.0
  y: 12.0
  heading: 3.141592653589793
startTangent: 0.0
waypoints:
- position:
    x: -28.0
    y: 9.0
  heading: 3.141592653589793
  tangent: -0.7853981633974483
  interpolationType: "TANGENT"
resolution: 0.25
version: 1
