---
startPose:
  x: -32.5
  y: 8.0
  heading: 2.356194490192345
startTangent: 0.0
waypoints:
- position:
    x: -36.0
    y: 12.0
  heading: 1.5707963267948966
  tangent: 0.0
  interpolationType: "LINEAR"
resolution: 0.25
version: 1
