---
startPose:
  x: 32.5
  y: 64.8
  heading: 1.5707963267948966
startTangent: -1.5707963267948966
waypoints:
- position:
    x: 36.0
    y: 24.0
  heading: 1.5707963267948966
  tangent: -1.5707963267948966
  interpolationType: "TANGENT"
- position:
    x: 30.65
    y: 8.0
  heading: 1.5707963267948966
  tangent: 3.9269908169872414
  interpolationType: "TANGENT"
resolution: 0.25
version: 1
