---
startPose:
  x: -60.0
  y: 12.0
  heading: 3.141592653589793
startTangent: 0.0
waypoints:
- position:
    x: -36.0
    y: 12.0
  heading: 0.7853981633974483
  tangent: 3.141592653589793
  interpolationType: "SPLINE"
- position:
    x: -60.0
    y: 12.0
  heading: 3.141592653589793
  tangent: 3.141592653589793
  interpolationType: "SPLINE"
resolution: 0.25
version: 1
