---
startPose:
  x: -36.0
  y: 64.0
  heading: -1.5707963267948966
startTangent: -1.5707963267948966
waypoints:
- position:
    x: -36.0
    y: 28.0
  heading: 0.0
  tangent: -1.5707963267948966
  interpolationType: "CONSTANT"
- position:
    x: -36.0
    y: 36.0
  heading: 0.0
  tangent: 3.141592653589793
  interpolationType: "CONSTANT"
- position:
    x: -24.0
    y: 36.0
  heading: 0.0
  tangent: 3.141592653589793
  interpolationType: "CONSTANT"
- position:
    x: -12.0
    y: 36.0
  heading: 0.0
  tangent: 3.141592653589793
  interpolationType: "CONSTANT"
resolution: 0.25
version: 1
