---
startPose:
  x: -13.0
  y: 60.0
  heading: -1.5707963267948966
startTangent: -1.5707963267948966
waypoints:
- position:
    x: -13.0
    y: 23.0
  heading: 0.0
  tangent: -1.5707963267948966
  interpolationType: "TANGENT"
resolution: 0.25
version: 1
