x1---
startPose:
  x: 50.0
  y: 36.0
  heading: 3.141592653589793
startTangent: 3.141592653589793
waypoints:
- position:
    x: 12.0
    y: 60.0
  heading: 0.0
  tangent: 3.141592653589793
  interpolationType: "CONSTANT"
- position:
    x: -36.0
    y: 60.0
  heading: 0.0
  tangent: 3.141592653589793
  interpolationType: "CONSTANT"
- position:
    x: -40.5
    y: 36.0
  heading: 0.0
  tangent: 4.1887902047863905
  interpolationType: "CONSTANT"
- position:
    x: -57.0
    y: 36.0
  heading: 0.0
  tangent: 3.141592653589793
  interpolationType: "CONSTANT"
resolution: 0.25
version: 1
