---
startPose:
  x: -36.0
  y: 28.0
  heading: 3.141592653589793
startTangent: 1.5707963267948966
waypoints:
- position:
    x: -38.0
    y: 36.0
  heading: 0.0
  tangent: 3.141592653589793
  interpolationType: "CONSTANT"
- position:
    x: -57.0
    y: 36.0
  heading: 0.0
  tangent: 3.141592653589793
  interpolationType: "CONSTANT"
resolution: 0.25
version: 1
