---
startPose:
  x: -38.0
  y: 30.0
  heading: 0.0
startTangent: 3.141592653589793
waypoints:
- position:
    x: -57.0
    y: 36.0
  heading: 3.141592653589793
  tangent: 3.141592653589793
  interpolationType: "LINEAR"
resolution: 0.25
version: 1
